Length = 50
x = (1: Length)
y = [0.720400801603131, 0.68060120240473, 0.74585170340681, 0.753106212424899, 0.613907815631271, 0.56621242484985, 0.803887775551241, 0.718156312625241, 0.68597194388774, 0.79515030060142, 0.54416833667318, 0.69779559118219, 0.62981963927848, 0.62665330661316, 0.42024048096196, 0.62885771543065, 0.6140681362727, 0.855871743486901, 0.66144288577152, 0.63358717434875, 0.736553106212529, 0.76653306613229, 0.5962324649299, 0.69334669338671, 0.657915831663241, 0.72649298597192, 0.88300601202404, 0.68869739478958, 0.825571142284471, 0.748817635270339, 0.57074148296593, 0.615390781563, 0.48256513026044, 0.61150300601224, 0.63723446893785, 0.688537074148279, 0.611222444889861, 0.79006012024071, 0.6286172344689, 0.51218436873744, 0.5987575150302, 0.73450901803623, 0.62372745490984, 0.68220440881772, 0.71250501002015, 0.77707414829667, 0.782044088176379, 0.733426853707549, 0.70104208416812, 0.73507014028067]
w = [0, 0.00400801603206, 0.00400801603206, 0.00400801603206, 0.168336673347, 0.168336673347, 0.168336673347, 0.168336673347, 0.200400801603, 0.200400801603, 0.204408817635, 0.236472945892, 0.236472945892, 0.236472945892, 0.224448897796, 0.224448897796, 0.224448897796, 0.224448897796, 0.224448897796, 0.224448897796, 0.224448897796, 0.224448897796, 0.224448897796, 0.224448897796, 0.240480961924, 0.256513026052, 0.256513026052, 0.256513026052, 0.256513026052, 0.248496993988, 0.248496993988, 0.248496993988, 0.248496993988, 0.248496993988, 0.25250501002, 0.25250501002, 0.25250501002, 0.25250501002, 0.25250501002, 0.264529058116, 0.264529058116, 0.27254509018, 0.280561122244, 0.280561122244, 0.629258517034, 0.304609218437, 0.300601202405, 0.657314629259, 0.657314629259, 0.657314629259, 0.657314629259, 0.649298597194, 0.661322645291, 0.693386773547, 0.693386773547, 0.693386773547, 0.693386773547, 0.697394789579, 0.697394789579, 0.697394789579, 0.304609218437, 0.669338677355, 0.669338677355, 0.669338677355, 0.669338677355, 0.669338677355, 0.669338677355, 0.693386773547, 0.721442885772, 0.729458917836, 0.729458917836, 0.741482965932, 0.741482965932, 0.741482965932, 0.7374749499, 0.7374749499, 0.717434869739, 0.717434869739, 0.725450901804, 0.725450901804, 0.725450901804, 0.725450901804, 0.725450901804, 0.725450901804, 0.741482965932, 0.749498997996, 0.745490981964, 0.745490981964, 0.745490981964, 0.745490981964, 0.745490981964, 0.7374749499, 0.7374749499, 0.7374749499, 0.741482965932, 0.749498997996, 0.741482965932, 0.725450901804, 0.725450901804, 0.725450901804, 0.725450901804, 0.7374749499, 0.7374749499, 0.7374749499, 0.7374749499, 0.7374749499, 0.7374749499, 0.7374749499, 0.7374749499, 0.7374749499, 0.7374749499, 0.729458917836, 0.729458917836, 0.729458917836, 0.729458917836, 0.749498997996, 0.761523046092, 0.761523046092, 0.761523046092, 0.761523046092, 0.761523046092, 0.769539078156, 0.769539078156, 0.773547094188, 0.773547094188, 0.781563126253, 0.781563126253, 0.781563126253, 0.773547094188, 0.781563126253, 0.781563126253, 0.781563126253, 0.789579158317, 0.789579158317, 0.789579158317, 0.789579158317, 0.789579158317, 0.789579158317, 0.789579158317, 0.789579158317, 0.789579158317, 0.789579158317, 0.789579158317, 0.781563126253, 0.781563126253, 0.753507014028, 0.753507014028, 0.765531062124, 0.765531062124, 0.781563126253, 0.781563126253, 0.773547094188, 0.773547094188, 0.773547094188, 0.773547094188, 0.773547094188, 0.773547094188, 0.773547094188, 0.773547094188, 0.773547094188, 0.773547094188, 0.773547094188, 0.77755511022, 0.77755511022, 0.77755511022, 0.77755511022, 0.77755511022, 0.761523046092, 0.761523046092, 0.761523046092, 0.761523046092, 0.761523046092, 0.761523046092, 0.741482965932, 0.741482965932, 0.741482965932, 0.741482965932, 0.741482965932, 0.741482965932, 0.741482965932, 0.753507014028, 0.75751503006, 0.75751503006, 0.75751503006, 0.75751503006, 0.761523046092, 0.761523046092, 0.761523046092, 0.761523046092, 0.761523046092, 0.761523046092, 0.75751503006, 0.75751503006, 0.75751503006, 0.75751503006, 0.75751503006, 0.75751503006, 0.75751503006, 0.75751503006, 0.75751503006, 0.761523046092, 0.761523046092, 0.761523046092, 0.761523046092, 0.765531062124, 0.765531062124, 0.765531062124, 0.765531062124, 0.761523046092, 0.761523046092, 0.761523046092, 0.761523046092, 0.761523046092, 0.761523046092, 0.773547094188, 0.773547094188, 0.773547094188, 0.773547094188, 0.773547094188, 0.773547094188, 0.773547094188, 0.773547094188, 0.781563126253, 0.781563126253, 0.781563126253, 0.781563126253, 0.769539078156, 0.769539078156, 0.77755511022, 0.77755511022, 0.77755511022, 0.761523046092, 0.749498997996, 0.749498997996, 0.749498997996, 0.741482965932, 0.741482965932, 0.741482965932, 0.733466933868, 0.741482965932, 0.729458917836, 0.729458917836, 0.729458917836, 0.729458917836, 0.725450901804, 0.725450901804, 0.725450901804, 0.725450901804, 0.713426853707, 0.713426853707, 0.713426853707, 0.717434869739, 0.717434869739, 0.717434869739, 0.717434869739, 0.717434869739, 0.717434869739, 0.717434869739, 0.717434869739, 0.717434869739, 0.717434869739, 0.717434869739, 0.717434869739, 0.717434869739, 0.717434869739, 0.717434869739, 0.717434869739, 0.717434869739, 0.717434869739, 0.717434869739, 0.717434869739, 0.717434869739, 0.717434869739, 0.717434869739, 0.717434869739, 0.717434869739, 0.717434869739, 0.717434869739, 0.717434869739, 0.729458917836, 0.729458917836, 0.729458917836, 0.729458917836, 0.729458917836, 0.729458917836, 0.733466933868, 0.733466933868, 0.733466933868, 0.733466933868, 0.7374749499, 0.733466933868, 0.733466933868, 0.733466933868, 0.733466933868, 0.733466933868, 0.733466933868, 0.733466933868, 0.729458917836, 0.729458917836, 0.729458917836, 0.729458917836, 0.729458917836, 0.729458917836, 0.729458917836, 0.721442885772, 0.721442885772, 0.721442885772, 0.721442885772, 0.721442885772, 0.721442885772, 0.729458917836, 0.729458917836, 0.729458917836, 0.729458917836, 0.729458917836, 0.729458917836, 0.721442885772, 0.721442885772, 0.721442885772, 0.721442885772, 0.721442885772, 0.721442885772, 0.729458917836, 0.729458917836, 0.729458917836, 0.729458917836, 0.729458917836, 0.729458917836, 0.729458917836, 0.729458917836, 0.729458917836, 0.7374749499, 0.7374749499, 0.745490981964, 0.745490981964, 0.745490981964, 0.745490981964, 0.745490981964, 0.745490981964, 0.745490981964, 0.749498997996, 0.749498997996, 0.749498997996, 0.749498997996, 0.749498997996, 0.749498997996, 0.75751503006, 0.75751503006, 0.75751503006, 0.75751503006, 0.75751503006, 0.75751503006, 0.75751503006, 0.75751503006, 0.749498997996, 0.749498997996, 0.749498997996, 0.749498997996, 0.753507014028, 0.753507014028, 0.753507014028, 0.753507014028, 0.753507014028, 0.753507014028, 0.749498997996, 0.753507014028, 0.749498997996, 0.749498997996, 0.749498997996, 0.749498997996, 0.741482965932, 0.745490981964, 0.745490981964, 0.745490981964, 0.7374749499, 0.7374749499, 0.7374749499, 0.7374749499, 0.7374749499, 0.7374749499, 0.7374749499, 0.7374749499, 0.7374749499, 0.7374749499, 0.741482965932, 0.741482965932, 0.741482965932, 0.741482965932, 0.741482965932, 0.741482965932, 0.741482965932, 0.745490981964, 0.745490981964, 0.745490981964, 0.745490981964, 0.745490981964, 0.745490981964, 0.745490981964, 0.745490981964, 0.745490981964, 0.745490981964, 0.745490981964, 0.745490981964, 0.7374749499, 0.7374749499, 0.7374749499, 0.7374749499, 0.733466933868, 0.733466933868, 0.733466933868, 0.733466933868, 0.733466933868, 0.733466933868, 0.733466933868, 0.733466933868, 0.733466933868, 0.741482965932, 0.741482965932, 0.733466933868, 0.733466933868, 0.733466933868, 0.733466933868, 0.733466933868, 0.733466933868, 0.733466933868, 0.733466933868, 0.733466933868, 0.725450901804, 0.729458917836, 0.729458917836, 0.729458917836, 0.729458917836, 0.725450901804, 0.725450901804, 0.725450901804, 0.721442885772, 0.721442885772, 0.721442885772, 0.721442885772, 0.725450901804, 0.725450901804, 0.729458917836, 0.729458917836, 0.729458917836, 0.721442885772, 0.713426853707, 0.713426853707, 