Length = 2000;
x = (1: Length);
y = [0.56626528089947, 0.789703598959528, 0.789703598959528, 1.03789033179329, 1.03789033179329, 1.03789033179329, 0.789703598959528, 0.789703598959528, 0.767436067314675, 0.789703598959528, 0.767436067314675, 0.767436067314675, 0.767436067314675, 0.767436067314675, 0.767436067314675, 0.789703598959528, 0.767436067314675, 0.767436067314675, 0.635181603458724, 0.635181603458724, 0.635181603458724, 0.740997112638427, 0.635181603458724, 0.740997112638427, 0.740997112638427, 0.740997112638427, 0.740997112638427, 0.767436067314675, 0.740997112638427, 0.740997112638427, 0.740997112638427, 0.740997112638427, 0.740997112638427, 0.767436067314675, 0.767436067314675, 0.767436067314675, 0.767436067314675, 0.789703598959528, 0.789703598959528, 0.829437567216247, 0.789703598959528, 0.789703598959528, 0.789703598959528, 0.829437567216247, 0.789703598959528, 0.789703598959528, 0.767436067314675, 0.767436067314675, 0.767436067314675, 0.789703598959528, 0.789703598959528, 0.789703598959528, 0.789703598959528, 0.829437567216247, 0.829437567216247, 0.857053684081244, 0.829437567216247, 0.857053684081244, 0.857053684081244, 0.857053684081244, 0.857053684081244, 0.857053684081244, 0.857053684081244, 0.901837971351617, 0.901837971351617, 0.926728210829555, 0.901837971351617, 0.901837971351617, 0.857053684081244, 0.857053684081244, 0.857053684081244, 0.857053684081244, 0.851105117390146, 0.851105117390146, 0.829437567216247, 0.829437567216247, 0.829437567216247, 0.841926281180096, 0.829437567216247, 0.841926281180096, 0.829437567216247, 0.829437567216247, 0.789703598959528, 0.829437567216247, 0.829437567216247, 0.841926281180096, 0.829437567216247, 0.841926281180096, 0.829437567216247, 0.841926281180096, 0.841926281180096, 0.851105117390146, 0.841926281180096, 0.841926281180096, 0.829437567216247, 0.829437567216247, 0.800129162094832, 0.800129162094832, 0.797082077456675, 0.800129162094832, 0.800129162094832, 0.829437567216247, 0.800129162094832, 0.829437567216247, 0.829437567216247, 0.841926281180096, 0.829437567216247, 0.841926281180096, 0.829437567216247, 0.829437567216247, 0.829437567216247, 0.829437567216247, 0.829437567216247, 0.841926281180096, 0.829437567216247, 0.841926281180096, 0.841926281180096, 0.841926281180096, 0.841926281180096, 0.851105117390146, 0.851105117390146, 0.851105117390146, 0.851105117390146, 0.857053684081244, 0.851105117390146, 0.857053684081244, 0.851105117390146, 0.857053684081244, 0.851105117390146, 0.851105117390146, 0.851105117390146, 0.857053684081244, 0.851105117390146, 0.857053684081244, 0.851105117390146, 0.857053684081244, 0.857053684081244, 0.870096478376418, 0.857053684081244, 0.870096478376418, 0.870096478376418, 0.901837971351617, 0.870096478376418, 0.870096478376418, 0.870096478376418, 0.870096478376418, 0.870096478376418, 0.901837971351617, 0.901837971351617, 0.926728210829555, 0.901837971351617, 0.926728210829555, 0.901837971351617, 0.901837971351617, 0.901837971351617, 0.926728210829555, 0.926728210829555, 0.929089078503973, 0.929089078503973, 0.936234661916468, 0.936234661916468, 0.955579880475985, 0.936234661916468, 0.955579880475985, 0.936234661916468, 0.955579880475985, 0.936234661916468, 0.955579880475985, 0.955579880475985, 0.966541113622213, 0.966541113622213, 0.966939419441483, 0.966541113622213, 0.966939419441483, 0.966939419441483, 0.966939419441483, 0.966939419441483, 0.972461358180596, 0.966939419441483, 0.966939419441483, 0.966541113622213, 0.966541113622213, 0.966541113622213, 0.966541113622213, 0.955579880475985, 0.966541113622213, 0.966541113622213, 0.966541113622213, 0.966541113622213, 0.966541113622213, 0.955579880475985, 0.955579880475985, 0.939444034718947, 0.955579880475985, 0.955579880475985, 0.955579880475985, 0.955579880475985, 0.955579880475985, 0.939444034718947, 0.939444034718947, 0.939444034718947, 0.955579880475985, 0.939444034718947, 0.939444034718947, 0.939444034718947, 0.955579880475985, 0.955579880475985, 0.966541113622213, 0.966541113622213, 0.966939419441483, 0.966541113622213, 0.966541113622213, 0.966541113622213, 0.966939419441483, 0.966541113622213, 0.966541113622213, 0.955579880475985, 0.955579880475985, 0.955579880475985, 0.966541113622213, 0.955579880475985, 0.955579880475985, 0.939444034718947, 0.939444034718947, 0.936234661916468, 0.936234661916468, 0.929089078503973, 0.936234661916468, 0.936234661916468, 0.939444034718947, 0.939444034718947, 0.955579880475985, 0.939444034718947, 0.939444034718947, 0.939444034718947, 0.939444034718947, 0.936234661916468, 0.936234661916468, 0.936234661916468, 0.939444034718947, 0.936234661916468, 0.939444034718947, 0.936234661916468, 0.939444034718947, 0.939444034718947, 0.939444034718947, 0.936234661916468, 0.936234661916468, 0.936234661916468, 0.936234661916468, 0.929089078503973, 0.936234661916468, 0.929089078503973, 0.936234661916468, 0.936234661916468, 0.939444034718947, 0.939444034718947, 0.955579880475985, 0.955579880475985, 0.966541113622213, 0.955579880475985, 0.966541113622213, 0.955579880475985, 0.955579880475985, 0.955579880475985, 0.955579880475985, 0.955579880475985, 0.966541113622213, 0.966541113622213, 0.966939419441483, 0.966541113622213, 0.966541113622213, 0.955579880475985, 0.955579880475985, 0.941803607095373, 0.941803607095373, 0.939444034718947, 0.941803607095373, 0.941803607095373, 0.941803607095373, 0.941803607095373, 0.941803607095373, 0.941803607095373, 0.941803607095373, 0.939444034718947, 0.939444034718947, 0.939444034718947, 0.941803607095373, 0.939444034718947, 0.941803607095373, 0.939444034718947, 0.939444034718947, 0.939444034718947, 0.939444034718947, 0.936234661916468, 0.939444034718947, 0.936234661916468, 0.936234661916468, 0.936234661916468, 0.939444034718947, 0.936234661916468, 0.936234661916468, 0.936234661916468, 0.939444034718947, 0.939444034718947, 0.941803607095373, 0.939444034718947, 0.939444034718947, 0.936234661916468, 0.936234661916468, 0.936234661916468, 0.939444034718947, 0.936234661916468, 0.936234661916468, 0.936234661916468, 0.936234661916468, 0.929089078503973, 0.929089078503973, 0.926728210829555, 0.926728210829555, 0.926728210829555, 0.926728210829555, 0.926728210829555, 0.926728210829555, 0.926728210829555, 0.929089078503973, 0.929089078503973, 0.936234661916468, 0.936234661916468, 0.936234661916468, 0.929089078503973, 0.929089078503973, 0.929089078503973, 0.929089078503973, 0.926728210829555, 0.929089078503973, 0.929089078503973, 0.936234661916468, 0.929089078503973, 0.929089078503973, 0.926728210829555, 0.929089078503973, 0.929089078503973, 0.936234661916468, 0.929089078503973, 0.929089078503973, 0.926728210829555, 0.926728210829555, 0.910463132686698, 0.910463132686698, 0.901837971351617, 0.910463132686698, 0.910463132686698, 0.910463132686698, 0.901837971351617, 0.910463132686698, 0.910463132686698, 0.910463132686698, 0.910463132686698, 0.910463132686698, 0.901837971351617, 0.901837971351617, 0.901837971351617, 0.910463132686698, 0.910463132686698, 0.910728817751639, 0.910728817751639, 0.910728817751639, 0.910728817751639, 0.926728210829555, 0.926728210829555, 0.926728210829555, 0.910728817751639, 0.910728817751639, 0.910463132686698, 0.910728817751639, 0.910463132686698, 0.910728817751639, 0.910463132686698, 0.910728817751639, 0.910728817751639, 0.910728817751639, 0.910728817751639, 0.926728210829555, 0.926728210829555, 0.926728210829555, 0.926728210829555, 0.926728210829555, 0.926728210829555, 0.926728210829555, 0.910728817751639, 0.926728210829555, 0.910728817751639, 0.910728817751639, 0.910728817751639, 0.926728210829555, 0.910728817751639, 0.910728817751639, 0.910728817751639, 0.910728817751639, 0.910463132686698, 0.910728817751639, 0.910463132686698, 0.910463132686698, 0.901837971351617, 0.910463132686698, 0.901837971351617, 0.910463132686698, 0.901837971351617, 0.901837971351617, 0.889067700361393, 0.901837971351617, 0.889067700361393, 0.901837971351617, 0.889067700361393, 0.901837971351617, 0.889067700361393, 0.889067700361393, 0.886054811203935, 