Length = 501;
x = (1: Length);
x = (x-1) / (Length-1) * 2
y = [0.2876084489998013, 0.2876610987715231, 0.2877219492602092, 0.2877920387649297, 0.2878724980887020, 0.2879645531671489, 0.2880695269912552, 0.2881888407288952, 0.2883240139551134, 0.2884766639088768, 0.2886485037043552, 0.2888413394376566, 0.2890570661453978, 0.2892976625896941, 0.2895651848647321, 0.2898617588434138, 0.2901895715080542, 0.2905508612370311, 0.2909479071490958, 0.2913830176386121, 0.2918585182678220, 0.2923767392158431, 0.2929400025177759, 0.2935506093603144, 0.2942108277314185, 0.2949228807500296, 0.2956889360259294, 0.2965110964181667, 0.2973913925716874, 0.2983317776137143, 0.2993341243828213, 0.3004002255425754, 0.3015317968966350, 0.3027304841722130, 0.3039978734726858, 0.3053355055176877, 0.3067448936901260, 0.3082275457952802, 0.3097849893086996, 0.3114187997494182, 0.3131306316661766, 0.3149222515704576, 0.3167955719960800, 0.3187526857157659, 0.3207958990063795, 0.3229277627324643, 0.3251510999184311, 0.3274690284096691, 0.3298849771875793, 0.3324026949088614, 0.3350262492895520, 0.3377600160531946, 0.3406086563124329, 0.3435770814550168, 0.3466704048582279, 0.3498938800573261, 0.3532528253396038, 0.3567525351196825, 0.3603981788657560, 0.3641946887805931, 0.3681466378839955, 0.3722581105819756, 0.3765325682286353, 0.3809727125747614, 0.3855803503380647, 0.3903562624090940, 0.3953000814107941, 0.4004101814457784, 0.4056835838837475, 0.4111158829537029, 0.4167011947068021, 0.4224321326038637, 0.4282998125584103, 0.4342938897368621, 0.4404026287909695, 0.4466130084866108, 0.4529108609126891, 0.4592810446232817, 0.4657076502056715, 0.4721742358986966, 0.4786640900338065, 0.4851605162576859, 0.4916471367437853, 0.4981082079313846, 0.5045289427641663, 0.5108958329529067, 0.5171969644716491, 0.5234223193251633, 0.5295640566038580, 0.5356167659747183, 0.5415776870438817, 0.5474468884646253, 0.5532274012492386, 0.5589253014650909, 0.5645497383440442, 0.5701129047968163, 0.5756299483848603, 0.5811188219444285, 0.5866000742617232, 0.5920965824427677, 0.5976332288842643, 0.6032365270065646, 0.6089342011308037, 0.6147547270405624, 0.6207268408352492, 0.6268790246281716, 0.6332389784379138, 0.6398330882395584, 0.6466859005578629, 0.6538196141763986, 0.6612535994893292, 0.6690039557264533, 0.6770831157352041, 0.6854995072119197, 0.6942572782535988, 0.7033560938738839, 0.7127910087251904, 0.7225524197311971, 0.7326261007052352, 0.7429933193589544, 0.7536310354420638, 0.7645121771473375, 0.7756059914117049, 0.7868784623842269, 0.7982927911476179, 0.8098099287948182, 0.8213891541879077, 0.8329886871645262, 0.8445663275973130, 0.8560801105347505, 0.8674889676304414, 0.8787533851684732, 0.8898360491804480, 0.9007024683894118, 0.9113215659765631, 0.9216662314238314, 0.9317138239245016, 0.9414466190711529, 0.9508521907346142, 0.9599237202599905, 0.9686602253594427, 0.9770667014177233, 0.9851541683944847, 0.9929396171579332, 1.0004458499672195, 1.0077012109792780, 1.0147392041223080, 1.0215979974703453, 1.0283198153706079, 1.0349502219961559, 1.0415373026763213, 1.0481307522310508, 1.0547808825151186, 1.0615375643600140, 1.0684491219661674, 1.0755612004202126, 1.0829156292611872, 1.0905493067724950, 1.0984931308194925, 1.1067710024904012, 1.1153989284594117, 1.1243842468328755, 1.1337249992510068, 1.1434094692235328, 1.1534159031359210, 1.1637124261663774, 1.1742571606248009, 1.1849985491124690, 1.1958758795735371, 1.2068200039484944, 1.2177542369315810, 1.2285954164631778, 1.2392551032265144, 1.2496408927209444, 1.2596578105797436, 1.2692097597884506, 1.2782009874033511, 1.2865375382959447, 1.2941286643462544, 1.3008881593280299, 1.3067355923889323, 1.3115974164162334, 1.3154079315560168, 1.3181100885651384, 1.3196561213537907, 1.3200080028513539, 1.3191377230320949, 1.3170273924140299, 1.3136691784527739, 1.3090650858756288, 1.3032265950456501, 1.2961741748480966, 1.2879366883170189, 1.2785507102631084, 1.2680597765466648, 1.2565135844095552, 1.2439671625037005, 1.2304800280164019, 1.2161153466880792, 1.2009391096482676, 1.1850193389613506, 1.1684253316724202, 1.1512269500647971, 1.1334939638608923, 1.1152954482795081, 1.0966992402523874, 1.0777714537292720, 1.0585760538780946, 1.0391744891123815, 1.0196253792365477, 0.9999842575653523, 0.9803033646125907, 0.9606314908171631, 0.9410138657422524, 0.9214920912055702, 0.9021041158407694, 0.8828842486216791, 0.8638632088799643, 0.8450682102981880, 0.8265230762577650, 0.8082483837665242, 0.7902616329919211, 0.7725774391975760, 0.7552077436411484, 0.7381620397613344, 0.7214476107818143, 0.7050697747113049, 0.6890321326377128, 0.6733368162154816, 0.6579847303367495, 0.6429757871625700, 0.6283091279686891, 0.6139833296243060, 0.5999965929603727, 0.5863469107819255, 0.5730322138186413, 0.5600504934709415, 0.5473999007756126, 0.5350788215672628, 0.5230859283326251, 0.5114202097297003, 0.5000809791615700, 0.4890678641471562, 0.4783807785136852, 0.4680198796463965, 0.4579855131715435, 0.4482781475226523, 0.4388983008530619, 0.4298464627167310, 0.4211230128520717, 0.4127281392780021, 0.4046617577550757, 0.3969234344848460, 0.3895123137236777, 0.3824270517786324, 0.3756657586373499, 0.3692259482645494, 0.3631044983780933, 0.3572976202995605, 0.3518008392601824, 0.3466089853345556, 0.3417161949733195, 0.3371159229140901, 0.3328009640689579, 0.3287634848191123, 0.3249950629946174, 0.3214867356823856, 0.3182290538900757, 0.3152121429998413, 0.3124257678753832, 0.3098594014397318, 0.3075022955202185, 0.3053435527614776, 0.3033721984361212, 0.3015772510351142, 0.2999477905934508, 0.2984730237995912, 0.2971423450456926, 0.2959453926971132, 0.2948720999900645, 0.2939127401020268, 0.2930579650769188, 0.2922988384223600, 0.2916268613265850, 0.2910339925643911, 0.2905126622727977, 0.2900557798754945, 0.2896567365193838, 0.2893094024556319, 0.2890081198509781, 0.2887476915529739, 0.2885233663556109, 0.2883308213204516, 0.2881661417040429, 0.2880257990266861, 0.2879066277919078, 0.2878058013323492, 0.2877208072176277, 0.2876494226152020, 0.2875896899476338, 0.2875398931408347, 0.2874985347089998, 0.2874643138743370, 0.2874361058744241, 0.2874129425677318, 0.2873939944093595, 0.2873785538345830, 0.2873660200577564, 0.2873558852684941, 0.2873477221858695, 0.2873411729142688, 0.2873359390316179, 0.2873317728311787, 0.2873284696320088, 0.2873258610698123, 0.2873238092790504, 0.2873222018782796, 0.2873209476734225, 0.2873199729977132, 0.2873192186119136, 0.2873186370940331, 0.2873181906535859, 0.2873178493115746, 0.2873175893933561, 0.2873173922874435, 0.2873172434288587, 0.2873171314709145, 0.2873170476140936, 0.2873169850651243, 0.2873169386033166, 0.2873169042346784, 0.2873168789175099, 0.2873168603458481, 0.2873168467794096, 0.2873168369107797, 0.2873168297621844, 0.2873168246056964, 0.2873168209018404, 0.2873168182526225, 0.2873168163657521, 0.2873168150275388, 0.2873168140824723, 0.2873168134178801, 0.2873168129525116, 0.2873168126280312, 0.2873168124027511, 0.2873168122470092, 0.2873168121398007, 0.2873168120663180, 0.2873168120161658, 0.2873168119820825, 0.2873168119590211, 0.2873168119434825, 0.2873168119330589, 0.2873168119260959, 0.2873168119214644, 0.2873168119183970, 0.2873168119163749, 0.2873168119150473, 0.2873168119141786, 0.2873168119136134, 0.2873168119132483, 0.2873168119130117, 0.2873168119128594, 0.2873168119127621, 0.2873168119127003, 0.2873168119126622, 0.2873168119126370, 0.2873168119126209, 0.2873168119126111, 0.2873168119126049, 0.2873168119126012, 0.2873168119125989, 0.2873168119125973, 0.2873168119125964, 0.2873168119125958, 0.2873168119125955, 0.2873168119125953, 0.2873168119125952, 0.2873168119125952, 0.2873168119125952, 0.2873168119125952, 0.2873168119125952, 0.2873168119125952, 0.2873168119125952, 0.2873168119125952, 0.2873168119125952, 0.2873168119125952, 0.2873168119125952, 0.2873168119125952, 0.2873168119125952, 0.2873168119125952, 0.2873168119125952, 0.2873168119125952, 0.2873168119125952, 0.2873168119125952, 